4294967278,444
4294967279,356
4294967279,366
4294967278,437
4294967294,1016
1826,5
1826,4
1826,3
1826,2
1826,1
1824,5
1824,4
1824,3
1824,2
1824,1
1822,6
1822,5
1822,4
1822,3
1822,2
1822,1
4294967279,194
1819,6
1819,5
1819,4
1819,3
1819,2
1819,1
1817,4
1817,3
1817,2
1817,1
1816,6
4294967294,468
1816,5
1816,4
1816,3
1816,2
1816,1
1815,5
1815,4
1815,3
1815,2
1815,1
4294967294,503
1814,6
1814,5
1814,4
1814,3
1814,2
1814,1
1813,5
1813,4
1813,3
1813,2
1813,1
4294967279,382
4294967294,502
1810,4
1810,3
1810,2
1810,1
1809,4
1809,3
1809,2
1809,1
4294967278,433
4294967279,340
4294967278,428
4294967279,375
4294967278,280
4294967279,100
4294967278,425
4294967278,309
4294967278,206
4294967278,205
1808,5
1808,4
1808,3
1808,2
1808,1
1806,5
1806,4
1806,2
1806,1
1804,6
1804,5
1804,4
1804,2
1804,1
1801,6
1801,5
1801,4
1801,3
1801,2
1801,1
1799,4
1799,3
1799,2
1799,1
1798,6
4294967294,501
4294967278,288
1798,5
1798,4
1798,3
1798,2
1798,1
4294967278,270
1797,5
1797,4
1797,3
1797,2
1797,1
4294967279,530
1796,6
1796,5
1796,4
1796,2
1796,1
1795,5
1795,4
1795,3
1795,2
1795,1
4294967278,246
4294967279,354
4294967278,236
4294967279,235
4294967279,345
4294967279,221
4294967278,436
1792,4
1792,3
1792,2
1792,1
1791,4
1791,3
1791,2
1791,1
4294967278,424
4294967278,322
4294967278,439
4294967279,122
4294967279,117
4294967279,333
4294967279,529
1790,5
1790,4
1790,3
1790,2
1790,1
1788,5
1788,4
1788,2
1788,1
1786,6
1786,5
1786,4
1786,2
1786,1
4294967278,386
1783,6
1783,5
1783,4
1783,3
1783,2
1783,1
1781,4
1781,3
1781,2
1781,1
1780,6
1780,5
1780,4
1780,3
1780,2
1780,1
4294967294,500
4294967279,247
1779,5
4294967279,245
1779,4
1779,3
1779,2
1779,1
4294967278,228
1778,6
1778,5
1778,4
1778,2
1778,1
1777,5
1777,4
1777,3
1777,2
1777,1
4294967279,213
4294967278,417
4294967294,1012
4294967279,206
4294967279,525
4294967279,205
1774,4
1774,3
1774,2
1774,1
1773,4
1773,3
1773,2
1773,1
4294967279,521
4294967279,351
4294967278,422
4294967278,423
4294967279,284
4294967279,518
4294967279,163
1772,5
1772,4
1772,3
1772,2
1772,1
4294967279,152
1770,5
1770,4
1770,2
1770,1
1768,6
1768,5
1768,4
1768,2
1768,1
1765,6
1765,5
1765,4
4294967278,244
1765,3
1765,2
1765,1
1763,4
1763,3
1763,2
1763,1
1762,6
1762,5
4294967279,215
1762,4
1762,3
1762,2
1762,1
4294967294,499
4294967278,210
4294967279,212
1761,5
1761,4
1761,3
1761,2
1761,1
4294967278,383
4294967278,441
4294967278,2
4294967279,202
4294967279,201
4294967278,197
1760,6
1760,5
1760,4
1760,2
1760,1
1759,5
1759,4
1759,3
1759,2
1759,1
4294967279,342
4294967279,353
4294967279,551
4294967279,374
1756,4
1756,3
1756,2
1756,1
1755,4
1755,3
1755,2
1755,1
4294967294,187
4294967294,399
4294967294,398
4294967294,444
4294967294,397
4294967278,382
4294967294,498
4294967278,432
4294967279,309
4294967279,352
4294967279,350
4294967279,348
4294967279,347
4294967279,515
4294967279,138
1754,5
1754,4
1754,3
1754,2
1754,1
1752,5
1752,4
1752,2
1752,1
1750,6
1750,5
1750,4
1750,2
1750,1
4294967279,137
4294967278,238
4294967279,334
1747,6
1747,5
1747,4
1747,3
1747,2
1747,1
1745,4
1745,3
1745,2
1745,1
4294967278,201
1744,6
4294967279,197
1744,5
1744,4
1744,3
1744,2
1744,1
1743,5
1743,4
1743,3
1743,2
1743,1
4294967294,189
4294967294,160
1742,6
1742,5
1742,4
1742,2
1742,1
1741,5
1741,4
1741,3
1741,2
1741,1
4294967279,167
4294967278,435
4294967279,331
4294967279,154
1738,4
4294967278,148
1738,3
1738,2
1738,1
4294967294,173
4294967278,434
1737,4
1737,3
1737,2
1737,1
4294967279,514
4294967294,497
4294967278,430
4294967278,396
4294967278,334
4294967278,174
4294967278,411
4294967279,265
1736,5
1736,4
1736,3
1736,2
1736,1
1734,5
1734,4
1734,2
1734,1
4294967278,240
1732,6
1732,5
1732,4
1732,2
1732,1
4294967294,1007
4294967294,456
4294967279,336
1729,6
4294967279,381
4294967278,385
4294967278,194
1729,5
1729,4
1729,3
1729,2
1729,1
1727,4
1727,3
1727,2
1727,1
1726,6
4294967279,328
1726,5
1726,4
1726,3
1726,2
1726,1
1725,5
1725,4
1725,3
1725,2
1725,1
1724,6
1724,5
4294967278,157
1724,4
1724,2
1724,1
4294967278,156
4294967278,155
4294967278,154
1723,5
1723,4
1723,3
1723,2
1723,1
4294967278,384
4294967279,140
4294967279,139
4294967278,135
4294967279,246
1720,4
1720,3
1720,2
1720,1
4294967278,269
1719,4
1719,3
1719,2
1719,1
4294967294,495
4294967294,496
4294967278,390
4294967278,401
4294967278,391
4294967279,349
4294967279,338
4294967279,89
4294967279,266
4294967279,377
4294967279,376
4294967294,161
1718,5
1718,4
1718,3
1718,2
1718,1
1716,5
1716,4
1716,2
1716,1
1714,6
1714,5
1714,4
1714,2
1714,1
1711,6
1711,5
1711,4
1711,3
1711,2
1711,1
1709,4
1709,3
1709,2
1709,1
1708,6
4294967278,380
1708,5
4294967279,151
1708,4
1708,3
1708,2
1708,1
1707,5
1707,4
1707,3
1707,2
1707,1
4294967294,168
4294967294,454
4294967294,386
4294967279,234
4294967278,138
4294967279,136
1706,6
1706,5
4294967279,135
1706,4
1706,2
1706,1
4294967278,392
1705,5
4294967279,279
1705,4
1705,3
1705,2
1705,1
4294967279,277
4294967278,338
4294967279,288
4294967279,255
4294967279,326
1702,4
1702,3
1702,2
1702,1
1701,4
1701,3
1701,2
1701,1
4294967278,217
4294967278,426
4294967278,225
4294967279,242
4294967279,344
4294967279,307
4294967279,251
4294967279,383
4294967278,137
1700,5
1700,4
1700,3
1700,2
1700,1
1698,5
1698,4
1698,2
1698,1
1696,6
1696,5
1696,4
1696,2
1696,1
4294967278,162
4294967294,119
1693,6
4294967278,152
4294967278,151
4294967279,150
4294967278,369
4294967279,149
4294967279,148
4294967279,147
4294967278,147
1693,5
1693,4
4294967279,145
1693,3
1693,2
1693,1
4294967278,143
4294967278,142
4294967279,141
1691,4
1691,3
1691,2
1691,1
4294967278,277
4294967278,136
1690,6
4294967279,369
1690,5
4294967278,287
1690,4
1690,3
1690,2
1690,1
4294967278,274
4294967279,368
1689,5
1689,4
4294967278,281
1689,3
1689,2
1689,1
4294967278,265
4294967278,221
1688,6
1688,5
1688,4
1688,2
1688,1
1687,5
1687,4
1687,3
1687,2
1687,1
4294967278,340
4294967278,418
4294967278,381
4294967278,361
4294967279,367
1684,4
1684,3
1684,2
1684,1
4294967278,429
1683,4
1683,3
1683,2
1683,1
4294967278,335
4294967294,490
4294967278,346
4294967278,251
4294967279,238
4294967279,346
4294967279,240
4294967278,413
4294967278,185
1682,5
1682,4
1682,3
1682,2
1682,1
1680,5
1680,4
1680,2
1680,1
1678,6
1678,5
1678,4
1678,2
1678,1
4294967279,365
1675,6
4294967278,412
1675,5
1675,4
1675,3
1675,2
1675,1
4294967279,258
4294967279,294
4294967279,257
1673,4
1673,3
1673,2
1673,1
1672,6
1672,5
4294967279,543
1672,4
4294967278,318
1672,3
1672,2
1672,1
1671,5
1671,4
1671,3
1671,2
1671,1
4294967278,242
4294967294,412
4294967294,410
1670,6
1670,5
1670,4
1670,2
1670,1
1669,5
4294967278,216
1669,4
1669,3
1669,2
1669,1
4294967279,308
4294967294,421
4294967279,232
4294967279,380
4294967278,243
1666,4
1666,3
1666,2
1666,1
4294967279,310
1665,4
1665,3
1665,2
1665,1
4294967279,222
4294967294,407
4294967294,110
4294967294,416
4294967294,489
4294967278,336
4294967294,488
4294967278,233
4294967278,372
4294967279,230
4294967279,228
4294967279,2
4294967279,571
4294967279,220
4294967279,88
4294967279,164
4294967279,160
1664,5
1664,4
1664,3
1664,2
1664,1
1662,5
1662,4
1662,2
1662,1
4294967279,270
1660,6
1660,5
4294967279,282
1660,4
1660,2
1660,1
4294967279,264
4294967279,275
4294967278,258
1657,6
1657,5
4294967278,248
1657,4
1657,3
1657,2
1657,1
4294967278,407
1655,4
1655,3
1655,2
1655,1
4294967278,234
4294967278,232
1654,6
1654,5
1654,4
1654,3
1654,2
1654,1
4294967279,379
1653,5
1653,4
4294967278,209
1653,3
1653,2
1653,1
4294967294,408
1652,6
1652,5
1652,4
1652,2
1652,1
1651,5
1651,4
1651,3
1651,2
1651,1
4294967278,353
4294967294,392
4294967278,399
1648,4
1648,3
1648,2
1648,1
1647,4
1647,3
1647,2
1647,1
4294967278,398
4294967294,487
4294967279,153
4294967278,368
4294967278,337
4294967279,337
1646,5
1646,4
1646,3
1646,2
1646,1
4294967279,134
4294967279,271
1644,5
1644,4
1644,2
1644,1
4294967279,261
4294967278,257
4294967278,320
1642,6
1642,5
1642,4
1642,2
1642,1
4294967294,396
4294967294,405
1639,6
4294967279,540
1639,5
1639,4
1639,3
1639,2
1639,1
1637,4
4294967278,203
1637,3
1637,2
1637,1
4294967279,306
1636,6
1636,5
4294967279,196
1636,4
1636,3
1636,2
1636,1
4294967278,190
1635,5
4294967278,189
1635,4
1635,3
1635,2
1635,1
4294967279,187
4294967278,395
4294967278,180
1634,6
1634,5
1634,4
1634,2
1634,1
4294967279,178
1633,5
1633,4
1633,3
1633,2
1633,1
4294967279,531
4294967279,565
1632,5
1632,4
1632,2
1632,1
1630,4
1630,3
1630,2
1630,1
4294967279,304
1629,4
1629,3
1629,2
1629,1
4294967278,343
4294967278,362
4294967278,379
4294967278,61
4294967278,60
4294967278,59
4294967278,58
4294967278,364
4294967278,57
4294967278,56
4294967278,55
4294967278,54
4294967278,53
4294967278,52
4294967278,51
4294967278,49
4294967278,48
4294967278,47
4294967278,46
4294967278,45
4294967278,44
4294967278,43
4294967278,42
4294967278,41
4294967278,40
4294967278,39
4294967278,38
4294967278,37
4294967278,36
4294967278,35
4294967278,34
4294967278,33
4294967278,32
4294967278,31
4294967278,30
4294967278,363
4294967278,29
4294967278,28
4294967278,27
4294967278,26
4294967278,25
4294967278,24
4294967278,23
4294967278,22
4294967278,21
4294967278,20
4294967278,16
4294967278,15
4294967278,14
4294967278,13
4294967278,12
4294967278,11
4294967278,10
4294967278,9
4294967278,8
4294967278,7
4294967278,6
4294967278,5
4294967278,4
4294967279,132
4294967279,131
4294967279,130
4294967279,341
4294967279,129
4294967279,128
4294967279,127
4294967279,126
4294967279,86
4294967279,85
4294967279,82
4294967279,81
4294967279,79
4294967279,78
4294967279,75
4294967279,73
4294967279,72
4294967279,71
4294967279,70
4294967279,68
4294967279,66
4294967279,61
4294967279,60
4294967279,58
4294967279,57
4294967279,54
4294967279,52
4294967279,51
4294967279,50
4294967279,49
4294967279,48
4294967279,47
4294967279,43
4294967279,42
4294967279,41
4294967279,39
4294967279,38
4294967279,37
4294967279,34
4294967279,32
4294967279,30
4294967279,27
4294967279,26
4294967278,19
4294967278,18
4294967278,17
4294967278,421
1628,5
1628,4
1628,3
1628,2
1628,1
4294967294,998
4294967278,253
4294967278,389
1626,5
1626,4
1626,2
1626,1
1624,6
1624,5
1624,4
1624,2
1624,1
4294967278,344
4294967294,1425
4294967294,1424
4294967278,204
1621,6
1621,5
1621,4
1621,3
1621,2
1621,1
1619,4
1619,3
1619,2
1619,1
1618,6
4294967279,176
1618,5
1618,4
1618,3
1618,2
1618,1
4294967294,1091
1617,5
1617,4
4294967278,165
1617,3
1617,2
1617,1
4294967278,388
1616,6
1616,5
1616,4
1616,2
1616,1
1615,5
1615,4
1615,3
1615,2
1615,1
4294967278,293
4294967278,292
1612,4
1612,3
1612,2
1612,1
1611,4
1611,3
1611,2
1611,1
4294967279,330
4294967279,325
4294967278,374
4294967279,125
4294967278,327
1610,5
1610,4
1610,3
1610,2
1610,1
4294967278,218
4294967278,214
1608,5
1608,4
1608,2
1608,1
4294967294,401
4294967294,1094
4294967278,202
4294967278,312
4294967279,199
1606,6
1606,5
1606,4
1606,2
1606,1
4294967279,299
4294967279,191
4294967279,189
4294967278,186
4294967279,186
4294967278,359
4294967279,185
4294967278,182
1603,6
1603,5
1603,4
1603,3
1603,2
1603,1
4294967278,333
1601,4
1601,3
1601,2
1601,1
4294967294,414
1600,6
1600,5
1600,4
1600,3
1600,2
1600,1
1599,5
1599,4
1599,3
1599,2
1599,1
4294967279,323
1598,6
1598,5
1598,4
1598,2
1598,1
4294967278,255
1597,5
1597,4
1597,3
1597,2
1597,1
4294967279,320
4294967279,296
4294967279,253
4294967278,351
4294967279,554
1594,4
4294967278,254
1594,3
1594,2
1594,1
4294967278,252
1593,4
1593,3
1593,2
1593,1
4294967278,247
4294967278,245
4294967278,249
4294967279,523
4294967294,400
1592,5
1592,4
1592,3
1592,2
1592,1
4294967278,420
4294967278,235
4294967279,190
1590,5
1590,4
1590,2
1590,1
1588,6
1588,5
1588,4
1588,2
1588,1
4294967279,293
4294967279,168
4294967278,166
4294967279,161
4294967278,227
1585,6
4294967294,162
4294967279,146
1585,5
1585,4
1585,3
1585,2
1585,1
1583,4
1583,3
1583,2
1583,1
1582,6
1582,5
1582,4
1582,3
1582,2
1582,1
4294967278,354
1581,5
1581,4
1581,3
1581,2
1581,1
4294967279,295
4294967279,254
1580,6
1580,5
1580,4
1580,2
1580,1
1579,5
1579,4
1579,3
1579,2
1579,1
4294967294,420
4294967294,118
4294967294,387
4294967279,335
4294967279,229
1576,4
1576,3
1576,2
1576,1
1575,4
1575,3
1575,2
1575,1
4294967278,215
4294967294,484
4294967278,345
4294967278,339
4294967278,342
4294967278,341
4294967279,214
4294967279,550
4294967279,292
4294967279,193
4294967278,188
1574,5
4294967278,184
1574,4
1574,3
1574,2
1574,1
4294967278,172
4294967279,172
4294967279,170
1572,5
1572,4
1572,3
1572,2
1572,1
4294967279,166
1570,6
1570,5
1570,4
1570,2
1570,1
4294967279,272
1567,6
1567,5
1567,4
1567,3
1567,2
1567,1
4294967294,1093
4294967294,1015
4294967294,176
1565,4
1565,3
1565,2
1565,1
1564,6
1564,5
4294967278,352
4294967278,319
1564,4
1564,3
1564,2
1564,1
1563,5
1563,4
1563,3
1563,2
1563,1
1562,6
1562,5
1562,4
1562,2
1562,1
1561,5
1561,4
1561,3
1561,2
1561,1
4294967279,209
4294967278,208
4294967278,207
4294967278,200
4294967279,200
4294967278,199
1558,4
1558,3
1558,2
1558,1
4294967278,325
4294967279,281
1557,4
4294967279,192
1557,3
1557,2
1557,1
4294967278,419
4294967294,393
4294967294,395
4294967294,413
4294967294,179
4294967294,406
4294967294,466
4294967294,448
4294967279,558
4294967294,1003
4294967279,371
4294967278,414
4294967278,260
4294967278,373
4294967278,415
4294967278,377
4294967279,84
4294967279,83
4294967279,69
4294967279,535
4294967279,226
4294967279,278
4294967279,297
4294967279,327
4294967279,218
4294967279,63
4294967278,171
4294967278,170
4294967279,165
4294967278,164
1556,5
1556,4
1556,3
1556,2
1556,1
4294967279,157
4294967294,182
4294967279,259
4294967278,149
1554,5
1554,4
1554,2
1554,1
1552,6
1552,5
1552,4
1552,2
1552,1
4294967278,378
1549,6
4294967279,524
4294967278,370
1549,5
1549,4
1549,3
1549,2
1549,1
1547,4
1547,3
1547,2
1547,1
4294967279,233
1546,6
4294967294,1418
4294967294,1002
1546,5
1546,4
4294967278,222
1546,3
1546,2
1546,1
4294967278,220
4294967294,409
4294967294,191
4294967294,164
4294967294,411
1545,5
4294967278,213
1545,4
1545,3
1545,2
1545,1
4294967278,211
1544,6
1544,5
1544,4
1544,2
1544,1
4294967278,198
1543,5
1543,4
1543,3
1543,2
1543,1
4294967278,310
4294967278,193
4294967278,192
4294967279,572
4294967279,276
4294967279,184
4294967279,181
4294967279,179
4294967279,319
1540,4
4294967279,175
1540,3
1540,2
1540,1
4294967278,173
1539,4
4294967278,169
1539,3
1539,2
1539,1
4294967278,168
4294967279,269
4294967278,315
4294967278,328
4294967278,326
4294967279,244
4294967279,273
4294967294,112
4294967279,312
1538,5
1538,4
1538,3
1538,2
1538,1
1536,5
1536,4
1536,2
1536,1
4294967279,311
1534,6
1534,5
4294967279,513
1534,4
1534,2
1534,1
1531,6
4294967279,564
4294967279,225
1531,5
1531,4
1531,3
1531,2
1531,1
1529,4
1529,3
1529,2
1529,1
1528,6
1528,5
1528,4
1528,3
1528,2
1528,1
1527,5
1527,4
1527,3
1527,2
1527,1
4294967278,300
4294967279,372
1526,6
1526,5
1526,4
1526,2
1526,1
1525,5
1525,4
1525,3
1525,2
1525,1
4294967278,367
4294967278,416
4294967278,167
4294967279,162
4294967278,160
4294967279,155
1522,4
1522,3
1522,2
1522,1
1521,4
1521,3
1521,2
1521,1
4294967278,332
4294967294,385
4294967294,1172
4294967294,178
4294967294,467
4294967294,463
4294967294,492
4294967278,223
4294967294,389
4294967294,11
4294967294,68
4294967278,132
4294967278,130
4294967278,127
4294967278,125
4294967278,124
4294967278,123
4294967278,122
4294967278,121
4294967278,114
